87
LC_01_S   	0	0.276808	0.0798681	0.215627	0.282667	0.274556	0.251729	0.251514	0.177108	0.240657	0.188139	0.310932	0.272211	0.214378	0.127645	0.201425	0.147937	0.237402	0.140063	0.273878	0.136265	0.194616	0.196243	0.160011	0.236708	0.259908	0.197415	0.234533	0.211439	0.124922	0.278416	0.151258	0.217958	0.160743	0.279764	0.147856	0.177306	0.258619	0.202916	0.261547	0.191818	0.290339	0.161785	0.137365	0.299642	0.112217	0.224092	0.276667	0.226911	0.237438	0.182535	0.17473	0.207788	0.21085	0.212859	0.363645	0.296049	0.235111	0.199998	0.281163	0.209577	0.105241	0.310377	0.118845	0.219827	0.141124	0.244111	0.26281	0.20428	0.254688	0.265627	0.314483	0.219854	0.273105	0.269224	0.26057	0.367498	0.143329	0.269324	0.280483	0.31112	0.155604	0.255783	0.121103	0.209116	0.155554	0.209531
LC_01_W   	0.276808	0	0.263159	0.257064	0.425278	0.304995	0.444151	0.276341	0.287693	0.301016	0.408729	0.434531	0.43722	0.25633	0.27508	0.275676	0.29783	0.319784	0.283873	0.330988	0.298642	0.256535	0.278013	0.297802	0.271185	0.422045	0.278179	0.424739	0.266445	0.260972	0.292576	0.293801	0.264475	0.295835	0.32942	0.300781	0.260635	0.427133	0.279636	0.44179	0.282605	0.457649	0.27093	0.276372	0.43022	0.269565	0.259145	0.466825	0.287836	0.424177	0.273902	0.267012	0.280479	0.3085	0.267054	0.546368	0.507273	0.318991	0.271313	0.428361	0.279189	0.272931	0.348198	0.282594	0.273952	0.283109	0.30025	0.462031	0.309738	0.444078	0.286844	0.46175	0.272506	0.408115	0.432077	0.456198	0.407471	0.29008	0.462869	0.336218	0.410402	0.290742	0.366872	0.286659	0.279218	0.283823	0.274597
LC_02_S   	0.0798681	0.263159	0	0.20793	0.281291	0.242319	0.265923	0.22836	0.150958	0.206361	0.181005	0.282268	0.278534	0.191136	0.117921	0.159581	0.141402	0.205278	0.11745	0.238522	0.139362	0.184694	0.186675	0.166803	0.210538	0.257752	0.183822	0.242271	0.181876	0.119158	0.25389	0.131253	0.204492	0.148214	0.245548	0.139913	0.163642	0.257611	0.208228	0.266831	0.179813	0.278928	0.153467	0.139201	0.286932	0.101768	0.192895	0.264172	0.188882	0.210052	0.166755	0.143226	0.172866	0.212401	0.195834	0.359145	0.275106	0.197998	0.177429	0.270095	0.188327	0.0957101	0.315158	0.121218	0.194725	0.103781	0.207582	0.285869	0.176024	0.275205	0.240204	0.32266	0.193169	0.240231	0.243571	0.275026	0.332463	0.110188	0.270827	0.249146	0.290297	0.15473	0.26085	0.119334	0.192699	0.145415	0.181216
LC_02_W   	0.215627	0.257064	0.20793	0	0.292483	0.184281	0.330708	0.140311	0.191594	0.173587	0.275007	0.273604	0.30735	0.13148	0.22396	0.180952	0.2519	0.260293	0.236507	0.236112	0.247149	0.157907	0.196429	0.217301	0.140282	0.325908	0.189883	0.294649	0.142546	0.206634	0.201351	0.213803	0.140031	0.242589	0.22158	0.247286	0.183127	0.258662	0.154736	0.314906	0.192977	0.309652	0.200979	0.192046	0.300755	0.204603	0.134955	0.304864	0.190457	0.293703	0.199899	0.195414	0.193222	0.20939	0.175189	0.359498	0.325036	0.252714	0.169644	0.301762	0.191816	0.220688	0.324752	0.236589	0.178612	0.221981	0.206729	0.334384	0.248111	0.30992	0.201376	0.310028	0.194876	0.301128	0.289265	0.289547	0.341036	0.2318	0.330072	0.274812	0.292248	0.230639	0.33348	0.229794	0.195683	0.200505	0.181415
LC_03_S   	0.282667	0.425278	0.281291	0.292483	0	0.343158	0.448099	0.306729	0.253775	0.322334	0.402006	0.497567	0.413709	0.300388	0.265118	0.313302	0.301195	0.322224	0.281968	0.360089	0.321198	0.296262	0.293341	0.287803	0.287746	0.41247	0.295522	0.399469	0.294926	0.280289	0.315756	0.286055	0.284047	0.271009	0.362085	0.304468	0.285629	0.435344	0.308183	0.474431	0.288931	0.453781	0.284168	0.258529	0.487278	0.263687	0.309087	0.421142	0.327756	0.435682	0.297575	0.260136	0.318875	0.264149	0.326205	0.441871	0.514805	0.293547	0.292569	0.418431	0.304658	0.283732	0.348169	0.287804	0.313391	0.286068	0.341665	0.455772	0.308735	0.424989	0.336381	0.412316	0.328151	0.45642	0.454444	0.41176	0.434736	0.300758	0.454981	0.309613	0.379072	0.300212	0.34839	0.294442	0.321464	0.25717	0.303428
LC_03_W   	0.274556	0.304995	0.242319	0.184281	0.343158	0	0.366675	0.15246	0.237439	0.11208	0.312739	0.255479	0.352516	0.170891	0.278338	0.171302	0.292111	0.220447	0.275148	0.167659	0.283667	0.215849	0.235765	0.2815	0.170833	0.346574	0.226029	0.348384	0.171618	0.260576	0.217149	0.216128	0.194482	0.289072	0.170576	0.293038	0.223741	0.310922	0.187449	0.362292	0.22584	0.330338	0.234982	0.264093	0.334008	0.255076	0.165982	0.339223	0.164687	0.283648	0.235941	0.229222	0.201697	0.279582	0.218322	0.374843	0.293543	0.231443	0.213366	0.33794	0.225124	0.254779	0.346793	0.279245	0.209408	0.229705	0.179523	0.390285	0.233932	0.354628	0.230895	0.358901	0.225569	0.298833	0.270914	0.350064	0.261277	0.241962	0.358249	0.239878	0.327795	0.271513	0.353313	0.269013	0.232727	0.260343	0.2119
LC_04_S   	0.251729	0.444151	0.265923	0.330708	0.448099	0.366675	0	0.336299	0.285218	0.344732	0.344171	0.512938	0.447353	0.329083	0.251282	0.328888	0.252686	0.329671	0.256333	0.37598	0.270551	0.309069	0.304373	0.290842	0.32402	0.43911	0.302389	0.370547	0.319048	0.281641	0.329961	0.297285	0.309399	0.256881	0.36926	0.287256	0.304862	0.45337	0.318968	0.423112	0.300415	0.499868	0.292293	0.275202	0.515598	0.254971	0.340517	0.410567	0.340339	0.439324	0.30149	0.286975	0.32563	0.28904	0.32687	0.456252	0.488021	0.305601	0.304399	0.412746	0.310246	0.255558	0.317473	0.248661	0.323051	0.27446	0.346086	0.400592	0.317293	0.354164	0.350171	0.487345	0.335399	0.463891	0.431227	0.476113	0.437546	0.293169	0.390031	0.341168	0.473949	0.28369	0.308183	0.271645	0.32342	0.277039	0.31061
LC_04_W   	0.251514	0.276341	0.22836	0.140311	0.306729	0.15246	0.336299	0	0.204324	0.134151	0.290021	0.264656	0.343207	0.0999246	0.240538	0.160241	0.270714	0.225429	0.255148	0.197884	0.270842	0.155914	0.191191	0.25	0.0955139	0.3476	0.165798	0.31623	0.116078	0.234321	0.173244	0.205047	0.126108	0.257302	0.185357	0.280231	0.184838	0.284712	0.165099	0.34131	0.174903	0.332624	0.194158	0.221477	0.307444	0.219421	0.114686	0.321495	0.154608	0.284847	0.196228	0.189443	0.175404	0.236854	0.177371	0.350946	0.302589	0.214325	0.171383	0.305936	0.18264	0.230149	0.314971	0.258512	0.163948	0.213861	0.167616	0.360879	0.222473	0.327172	0.184034	0.316871	0.197775	0.29341	0.267915	0.317457	0.303739	0.239099	0.330105	0.219311	0.285415	0.253894	0.32966	0.238303	0.199366	0.216765	0.168692
LC_05_S   	0.177108	0.287693	0.150958	0.191594	0.253775	0.237439	0.285218	0.204324	0	0.192595	0.22032	0.290426	0.299163	0.193699	0.133362	0.197507	0.211875	0.220594	0.170481	0.253437	0.232571	0.221245	0.200758	0.131821	0.19013	0.326872	0.203635	0.26162	0.195815	0.180932	0.213902	0.145234	0.194877	0.147775	0.263242	0.216364	0.188836	0.248607	0.216018	0.308824	0.182861	0.289888	0.197835	0.124846	0.319468	0.14659	0.186903	0.25691	0.211125	0.262905	0.197721	0.146774	0.212939	0.134489	0.227123	0.29217	0.313776	0.165024	0.186092	0.227665	0.216766	0.17179	0.308051	0.195793	0.212643	0.159218	0.226297	0.308125	0.217126	0.287515	0.24736	0.282546	0.233796	0.261908	0.277627	0.281837	0.341922	0.199849	0.319726	0.2164	0.276558	0.225138	0.301859	0.197641	0.216448	0.106748	0.196423
LC_05_W   	0.240657	0.301016	0.206361	0.173587	0.322334	0.11208	0.344732	0.134151	0.192595	0	0.279747	0.268988	0.3371	0.143353	0.235292	0.145639	0.257331	0.183694	0.234347	0.13413	0.261427	0.194391	0.199016	0.237547	0.14365	0.346761	0.193581	0.324372	0.141056	0.228609	0.201625	0.174553	0.171271	0.247023	0.141586	0.26878	0.184293	0.296704	0.190058	0.34961	0.183529	0.321759	0.200119	0.21732	0.320933	0.21093	0.145149	0.320169	0.142086	0.26305	0.196352	0.18455	0.172449	0.238288	0.195327	0.352815	0.280465	0.187738	0.177744	0.313744	0.192932	0.212613	0.329117	0.242281	0.185035	0.187571	0.155479	0.368135	0.195607	0.334258	0.210327	0.332015	0.207868	0.276678	0.261202	0.325018	0.231002	0.214995	0.34274	0.198705	0.3024	0.244631	0.324132	0.229145	0.202297	0.213405	0.17816
LC_06_S   	0.188139	0.408729	0.181005	0.275007	0.402006	0.312739	0.344171	0.290021	0.22032	0.279747	0	0.400818	0.385742	0.26231	0.163883	0.235965	0.160359	0.248085	0.160194	0.305508	0.19383	0.245613	0.227774	0.220917	0.272991	0.398935	0.221349	0.329817	0.255707	0.196	0.269535	0.231206	0.258519	0.151876	0.313327	0.194967	0.222539	0.379295	0.258161	0.385608	0.222961	0.364902	0.209438	0.185061	0.433022	0.160928	0.26121	0.371654	0.253146	0.342218	0.215651	0.203357	0.241316	0.246513	0.244829	0.435813	0.412573	0.222665	0.219963	0.340753	0.234579	0.157569	0.296318	0.164878	0.244346	0.169649	0.265591	0.378519	0.228316	0.370145	0.271368	0.432846	0.250783	0.348294	0.362822	0.3969	0.384218	0.190061	0.36489	0.278357	0.385777	0.186669	0.256688	0.174518	0.227793	0.185365	0.222123
LC_06_W   	0.310932	0.434531	0.282268	0.273604	0.497567	0.255479	0.512938	0.264656	0.290426	0.268988	0.400818	0	0.453993	0.257267	0.299915	0.252448	0.294327	0.27955	0.277759	0.292094	0.31266	0.278313	0.278315	0.321704	0.26978	0.443108	0.278652	0.461887	0.265598	0.29509	0.283824	0.293917	0.286064	0.298725	0.301216	0.312034	0.275106	0.434916	0.270243	0.507424	0.279126	0.426013	0.282905	0.295578	0.462636	0.290756	0.250762	0.470743	0.259105	0.409751	0.278123	0.279738	0.263364	0.322856	0.277903	0.543381	0.457797	0.276063	0.264916	0.455712	0.280509	0.281623	0.337887	0.291851	0.271508	0.264669	0.262531	0.547637	0.27544	0.490363	0.278813	0.509627	0.272476	0.423286	0.371399	0.437713	0.356166	0.27276	0.496456	0.29658	0.426054	0.285152	0.345417	0.301416	0.269662	0.291229	0.2581
LC_07_S   	0.272211	0.43722	0.278534	0.30735	0.413709	0.352516	0.447353	0.343207	0.299163	0.3371	0.385742	0.453993	0	0.319243	0.267974	0.308395	0.279235	0.32094	0.270086	0.348295	0.296345	0.315912	0.298261	0.298013	0.332471	0.427581	0.309933	0.420365	0.321465	0.285811	0.341987	0.292922	0.332412	0.289383	0.368358	0.284297	0.29234	0.443862	0.308813	0.464117	0.311547	0.374286	0.299735	0.272735	0.4818	0.279704	0.319363	0.467036	0.326849	0.415963	0.299938	0.286009	0.315711	0.290612	0.326744	0.524536	0.517146	0.328641	0.302441	0.407196	0.317623	0.279368	0.366191	0.27164	0.321122	0.291932	0.335265	0.421825	0.315685	0.423065	0.336222	0.418693	0.321472	0.413299	0.451702	0.381347	0.416231	0.291061	0.494807	0.355023	0.457267	0.291762	0.354564	0.292185	0.30563	0.279819	0.310376
LC_07_W   	0.214378	0.25633	0.191136	0.13148	0.300388	0.170891	0.329083	0.0999246	0.193699	0.143353	0.26231	0.257267	0.319243	0	0.212876	0.130706	0.223786	0.197163	0.214392	0.185531	0.225152	0.111404	0.151566	0.226265	0.103684	0.322966	0.132506	0.302653	0.085225	0.201416	0.189555	0.185305	0.112545	0.22698	0.1787	0.234636	0.145357	0.262784	0.12608	0.322604	0.14508	0.311515	0.150809	0.197795	0.279996	0.191929	0.0968268	0.31102	0.137011	0.264981	0.155787	0.161928	0.144042	0.228139	0.141904	0.352725	0.281218	0.209051	0.14584	0.305573	0.159214	0.193598	0.297781	0.216885	0.128696	0.177326	0.147669	0.335635	0.192639	0.3045	0.169489	0.311412	0.154549	0.264003	0.256279	0.301862	0.304956	0.196053	0.317203	0.224333	0.271171	0.207307	0.298565	0.189449	0.1619	0.196424	0.141747
LC_08_S   	0.127645	0.27508	0.117921	0.22396	0.265118	0.278338	0.251282	0.240538	0.133362	0.235292	0.163883	0.299915	0.267974	0.212876	0	0.201081	0.119673	0.232564	0.0994639	0.279736	0.160714	0.208089	0.194029	0.140283	0.219735	0.294655	0.187218	0.216842	0.215337	0.133941	0.241288	0.166767	0.211292	0.107642	0.288687	0.137627	0.187746	0.238314	0.216733	0.257632	0.175427	0.262458	0.17126	0.0856572	0.314713	0.0809522	0.217667	0.262421	0.22999	0.243271	0.182057	0.143411	0.216562	0.157239	0.218805	0.30721	0.309596	0.191963	0.184539	0.217017	0.216634	0.106012	0.281679	0.111044	0.217346	0.124148	0.247246	0.264792	0.21444	0.250579	0.25515	0.287694	0.225594	0.253371	0.274455	0.268652	0.37164	0.157222	0.29051	0.253685	0.278144	0.154409	0.255697	0.134158	0.200407	0.0864112	0.198432
LC_08_W   	0.201425	0.275676	0.159581	0.180952	0.313302	0.171302	0.328888	0.160241	0.197507	0.145639	0.235965	0.252448	0.308395	0.130706	0.201081	0	0.187705	0.151604	0.176986	0.153411	0.182534	0.140771	0.163324	0.228405	0.171998	0.296801	0.1356	0.306285	0.124615	0.189601	0.203505	0.148119	0.164967	0.195461	0.160022	0.199024	0.15145	0.275802	0.163825	0.325316	0.149397	0.296564	0.144463	0.195691	0.281174	0.175687	0.133746	0.308269	0.109392	0.221523	0.144321	0.15439	0.113918	0.248142	0.145073	0.360153	0.257795	0.168373	0.139077	0.308022	0.149321	0.165072	0.298793	0.19378	0.138729	0.133543	0.116643	0.340483	0.142882	0.310561	0.180023	0.328295	0.143667	0.234182	0.217762	0.314373	0.268857	0.144764	0.303049	0.20211	0.279944	0.182187	0.276744	0.165328	0.152323	0.197209	0.13846
LC_09_S   	0.147937	0.29783	0.141402	0.2519	0.301195	0.292111	0.252686	0.270714	0.211875	0.257331	0.160359	0.294327	0.279235	0.223786	0.119673	0.187705	0	0.202374	0.0828187	0.263674	0.116186	0.193278	0.193888	0.203847	0.249974	0.262463	0.167281	0.256393	0.220508	0.155324	0.248846	0.196593	0.233082	0.141455	0.280795	0.10452	0.196808	0.270842	0.221005	0.266069	0.18008	0.266816	0.159637	0.142125	0.313509	0.113555	0.227511	0.291336	0.212288	0.245892	0.172162	0.163849	0.191914	0.230732	0.197342	0.331771	0.291068	0.199842	0.178973	0.27807	0.194337	0.0916911	0.275232	0.0906474	0.196207	0.112393	0.217779	0.280199	0.185969	0.251851	0.237472	0.32093	0.206413	0.247392	0.261691	0.298589	0.355739	0.10913	0.263018	0.265447	0.284851	0.110918	0.214603	0.0998181	0.179756	0.155417	0.181107
LC_09_W   	0.237402	0.319784	0.205278	0.260293	0.322224	0.220447	0.329671	0.225429	0.220594	0.183694	0.248085	0.27955	0.32094	0.197163	0.232564	0.151604	0.202374	0	0.206032	0.165095	0.228437	0.204857	0.145438	0.250276	0.226326	0.316589	0.155142	0.334223	0.184883	0.227493	0.232844	0.16794	0.217446	0.220503	0.19704	0.243675	0.165808	0.293955	0.220527	0.356378	0.177057	0.329547	0.146304	0.230711	0.269341	0.211589	0.197471	0.321075	0.13416	0.235765	0.13244	0.183825	0.129184	0.270966	0.195858	0.353555	0.210206	0.158552	0.153953	0.318917	0.1559	0.197211	0.271546	0.226615	0.164489	0.158541	0.116582	0.355004	0.0861149	0.327175	0.195248	0.32103	0.169232	0.237285	0.227226	0.32486	0.255898	0.175413	0.294056	0.179149	0.268109	0.21153	0.215514	0.182285	0.16892	0.219929	0.143339
LC_10_S   	0.140063	0.283873	0.11745	0.236507	0.281968	0.275148	0.256333	0.255148	0.170481	0.234347	0.160194	0.277759	0.270086	0.214392	0.0994639	0.176986	0.0828187	0.206032	0	0.251738	0.144887	0.192235	0.196028	0.179271	0.235308	0.263225	0.174522	0.255065	0.206705	0.159518	0.241223	0.168547	0.224911	0.119279	0.268715	0.10789	0.190724	0.254104	0.222111	0.26796	0.176443	0.257853	0.164403	0.124492	0.311082	0.109832	0.217194	0.265019	0.203815	0.224737	0.178088	0.146669	0.187689	0.215561	0.198283	0.325695	0.287639	0.185525	0.175265	0.25817	0.194834	0.0955396	0.287774	0.0960246	0.195627	0.09766	0.216833	0.284913	0.18651	0.255123	0.239241	0.310701	0.212439	0.239025	0.249066	0.286793	0.342492	0.110168	0.269186	0.251544	0.276298	0.138705	0.236349	0.121973	0.187473	0.136255	0.1785
LC_10_W   	0.273878	0.330988	0.238522	0.236112	0.360089	0.167659	0.37598	0.197884	0.253437	0.13413	0.305508	0.292094	0.348295	0.185531	0.279736	0.153411	0.263674	0.165095	0.251738	0	0.268909	0.211426	0.214913	0.291673	0.210933	0.350396	0.193555	0.368127	0.179362	0.264015	0.235662	0.204613	0.21603	0.27909	0.101677	0.275443	0.209906	0.332253	0.226206	0.381344	0.201764	0.347284	0.204511	0.265308	0.316716	0.256921	0.17645	0.358718	0.139685	0.276484	0.201929	0.22696	0.161916	0.300635	0.202506	0.376605	0.28167	0.217428	0.195085	0.355744	0.197732	0.245641	0.331004	0.270128	0.185698	0.207261	0.141693	0.392338	0.183522	0.358256	0.21256	0.356935	0.197442	0.286425	0.267499	0.362764	0.175843	0.213997	0.355113	0.226777	0.315127	0.254056	0.318863	0.239001	0.204048	0.261878	0.184341
LC_11_S   	0.136265	0.298642	0.139362	0.247149	0.321198	0.283667	0.270551	0.270842	0.232571	0.261427	0.19383	0.31266	0.296345	0.225152	0.160714	0.182534	0.116186	0.228437	0.144887	0.268909	0	0.1837	0.190348	0.220394	0.252828	0.255555	0.184027	0.260667	0.217529	0.143817	0.272541	0.200601	0.230266	0.162574	0.273853	0.132642	0.19335	0.293562	0.212187	0.282246	0.193122	0.294383	0.165366	0.177824	0.324096	0.13646	0.231319	0.320548	0.217852	0.263255	0.181527	0.175758	0.202355	0.246265	0.206723	0.37751	0.319555	0.233187	0.189357	0.313216	0.207929	0.116697	0.305433	0.124379	0.212203	0.145636	0.232991	0.289697	0.206149	0.279486	0.251902	0.358557	0.202064	0.272383	0.276626	0.316148	0.36002	0.13018	0.286077	0.285197	0.322928	0.120658	0.23514	0.111218	0.193056	0.189796	0.199038
LC_11_W   	0.194616	0.256535	0.184694	0.157907	0.296262	0.215849	0.309069	0.155914	0.221245	0.194391	0.245613	0.278313	0.315912	0.111404	0.208089	0.140771	0.193278	0.204857	0.192235	0.211426	0.1837	0	0.149588	0.236162	0.156003	0.295215	0.116522	0.293012	0.110574	0.191032	0.193983	0.194543	0.131767	0.207427	0.197095	0.205585	0.149498	0.274769	0.118675	0.31911	0.150193	0.315049	0.129732	0.198656	0.279993	0.179546	0.132174	0.31902	0.149045	0.271006	0.144664	0.161747	0.134912	0.248522	0.119817	0.362312	0.293506	0.229845	0.133333	0.317216	0.135361	0.17231	0.289025	0.194731	0.126039	0.175602	0.162549	0.329981	0.190716	0.284987	0.174621	0.324194	0.143402	0.274701	0.255811	0.299084	0.328217	0.188212	0.286408	0.248953	0.278739	0.182821	0.265034	0.163982	0.153901	0.206374	0.133471
LC_12_W   	0.196243	0.278013	0.186675	0.196429	0.293341	0.235765	0.304373	0.191191	0.200758	0.199016	0.227774	0.278315	0.298261	0.151566	0.194029	0.163324	0.193888	0.145438	0.196028	0.214913	0.190348	0.149588	0	0.212818	0.170026	0.307684	0.115263	0.292941	0.150295	0.187369	0.212826	0.1956	0.153969	0.200553	0.242618	0.213714	0.119449	0.24658	0.152594	0.311106	0.131065	0.307464	0.107242	0.187032	0.240548	0.171824	0.160147	0.301144	0.162169	0.269976	0.0943376	0.155306	0.142321	0.227441	0.154645	0.337989	0.255968	0.207005	0.122023	0.28566	0.140658	0.167578	0.243161	0.19065	0.139263	0.177905	0.152409	0.316094	0.141077	0.289562	0.167425	0.285341	0.145152	0.252283	0.250482	0.280673	0.323128	0.193837	0.285845	0.225397	0.263957	0.175225	0.21337	0.156501	0.12284	0.183681	0.118946
LC_13_S   	0.160011	0.297802	0.166803	0.217301	0.287803	0.2815	0.290842	0.25	0.131821	0.237547	0.220917	0.321704	0.298013	0.226265	0.140283	0.228405	0.203847	0.250276	0.179271	0.291673	0.220394	0.236162	0.212818	0	0.237525	0.331671	0.220384	0.268436	0.228622	0.178251	0.26056	0.168353	0.226384	0.163256	0.29838	0.206013	0.202578	0.251508	0.229547	0.301035	0.206442	0.294069	0.205026	0.139402	0.326254	0.151599	0.225172	0.274224	0.243069	0.276715	0.209019	0.184822	0.237249	0.161963	0.241569	0.310912	0.322669	0.217888	0.209893	0.253517	0.232706	0.169288	0.312212	0.174217	0.23799	0.181576	0.26261	0.304911	0.234413	0.285925	0.274658	0.30694	0.253634	0.279329	0.297171	0.269204	0.378816	0.213285	0.323781	0.2675	0.313317	0.212935	0.289158	0.192907	0.231446	0.132611	0.220575
LC_13_W   	0.236708	0.271185	0.210538	0.140282	0.287746	0.170833	0.32402	0.0955139	0.19013	0.14365	0.272991	0.26978	0.332471	0.103684	0.219735	0.171998	0.249974	0.226326	0.235308	0.210933	0.252828	0.156003	0.170026	0.237525	0	0.337413	0.142944	0.294024	0.106605	0.219876	0.168685	0.214702	0.100136	0.22742	0.206361	0.260288	0.165828	0.272151	0.159212	0.333562	0.120516	0.327783	0.170616	0.199792	0.299366	0.199429	0.122608	0.314122	0.171145	0.286931	0.175639	0.166752	0.177969	0.214813	0.172678	0.332994	0.304439	0.199794	0.154403	0.291334	0.172615	0.21276	0.283026	0.239232	0.156572	0.202973	0.181779	0.345072	0.217132	0.319687	0.187613	0.284461	0.189616	0.281323	0.279739	0.303129	0.318072	0.228584	0.317194	0.199216	0.259339	0.233582	0.305424	0.21743	0.186432	0.18941	0.153743
LC_14_S   	0.259908	0.422045	0.257752	0.325908	0.41247	0.346574	0.43911	0.3476	0.326872	0.346761	0.398935	0.443108	0.427581	0.322966	0.294655	0.296801	0.262463	0.316589	0.263225	0.350396	0.255555	0.295215	0.307684	0.331671	0.337413	0	0.297421	0.408205	0.306791	0.273394	0.350234	0.301178	0.317805	0.297419	0.351726	0.264104	0.289819	0.45564	0.3207	0.442426	0.309752	0.412759	0.271788	0.306615	0.448849	0.278876	0.329648	0.462627	0.319431	0.387257	0.296015	0.294693	0.296373	0.354867	0.311121	0.557099	0.478253	0.335736	0.306141	0.504647	0.30323	0.257428	0.352111	0.259299	0.316708	0.268788	0.324826	0.452562	0.289055	0.443944	0.336523	0.541658	0.294119	0.418719	0.390424	0.447486	0.408822	0.250259	0.417966	0.355034	0.473473	0.255834	0.30731	0.265268	0.30589	0.319461	0.304605
LC_14_W   	0.197415	0.278179	0.183822	0.189883	0.295522	0.226029	0.302389	0.165798	0.203635	0.193581	0.221349	0.278652	0.309933	0.132506	0.187218	0.1356	0.167281	0.155142	0.174522	0.193555	0.184027	0.116522	0.115263	0.220384	0.142944	0.297421	0	0.293407	0.116319	0.189155	0.171317	0.194375	0.131481	0.184113	0.208249	0.1973	0.124284	0.26759	0.14447	0.3232	0.0928723	0.310061	0.0876495	0.178775	0.269472	0.161056	0.137105	0.311841	0.124397	0.268961	0.101905	0.144986	0.104942	0.234806	0.103843	0.330796	0.273665	0.190483	0.0972105	0.297927	0.108842	0.15699	0.246581	0.186241	0.0930593	0.154009	0.126706	0.326034	0.138322	0.290867	0.149935	0.292836	0.132689	0.248231	0.243235	0.295126	0.315247	0.172213	0.275944	0.211996	0.256938	0.165777	0.21103	0.141951	0.117054	0.178821	0.0869793
LC_15_S   	0.234533	0.424739	0.242271	0.294649	0.399469	0.348384	0.370547	0.31623	0.26162	0.324372	0.329817	0.461887	0.420365	0.302653	0.216842	0.306285	0.256393	0.334223	0.255065	0.368127	0.260667	0.293012	0.292941	0.268436	0.294024	0.408205	0.293407	0	0.301835	0.238987	0.32517	0.286235	0.28424	0.236079	0.361941	0.270102	0.291205	0.407887	0.302299	0.375704	0.278935	0.420103	0.281852	0.233474	0.508521	0.224193	0.31515	0.420687	0.332909	0.410901	0.287974	0.262206	0.320968	0.257716	0.318388	0.502356	0.507664	0.305729	0.292712	0.375444	0.314906	0.237444	0.340693	0.238862	0.321311	0.267783	0.347602	0.402916	0.319532	0.4187	0.341718	0.474485	0.320428	0.449092	0.448787	0.410182	0.43401	0.282706	0.431498	0.335565	0.459688	0.266302	0.338489	0.257709	0.30722	0.240511	0.309197
LC_15_W   	0.211439	0.266445	0.181876	0.142546	0.294926	0.171618	0.319048	0.116078	0.195815	0.141056	0.255707	0.265598	0.321465	0.085225	0.215337	0.124615	0.220508	0.184883	0.206705	0.179362	0.217529	0.110574	0.150295	0.228622	0.106605	0.306791	0.116319	0.301835	0	0.203836	0.175378	0.174402	0.0930548	0.221139	0.172078	0.228613	0.135778	0.271867	0.130732	0.332686	0.128391	0.321074	0.137276	0.204898	0.272263	0.187589	0.104081	0.306697	0.123708	0.258324	0.144684	0.152259	0.119132	0.240114	0.125025	0.354634	0.27544	0.20065	0.127049	0.311563	0.132838	0.184756	0.289022	0.213223	0.109868	0.164926	0.1359	0.339916	0.17383	0.303863	0.166023	0.313244	0.14371	0.263399	0.249052	0.303546	0.29804	0.18423	0.297784	0.210249	0.272637	0.201599	0.280207	0.180094	0.164705	0.20356	0.127196
LC_16_S   	0.124922	0.260972	0.119158	0.206634	0.280289	0.260576	0.281641	0.234321	0.180932	0.228609	0.196	0.29509	0.285811	0.201416	0.133941	0.189601	0.155324	0.227493	0.159518	0.264015	0.143817	0.191032	0.187369	0.178251	0.219876	0.273394	0.189155	0.238987	0.203836	0	0.226136	0.175747	0.212466	0.165358	0.269524	0.162472	0.177003	0.242603	0.202823	0.258859	0.191043	0.27289	0.161353	0.141867	0.303233	0.115851	0.199779	0.282475	0.214659	0.253904	0.171579	0.163368	0.195611	0.193782	0.205838	0.34142	0.298339	0.223504	0.177973	0.26315	0.20243	0.125183	0.299704	0.150835	0.206168	0.152293	0.229523	0.278614	0.204079	0.279225	0.241741	0.305018	0.211176	0.250414	0.269949	0.272917	0.351738	0.150657	0.282144	0.261775	0.287622	0.161553	0.261699	0.135374	0.190002	0.138903	0.192608
LC_16_W   	0.278416	0.292576	0.25389	0.201351	0.315756	0.217149	0.329961	0.173244	0.213902	0.201625	0.269535	0.283824	0.341987	0.189555	0.241288	0.203505	0.248846	0.232844	0.241223	0.235662	0.272541	0.193983	0.212826	0.26056	0.168685	0.350234	0.171317	0.32517	0.175378	0.226136	0	0.256908	0.183243	0.233858	0.242387	0.278678	0.21465	0.29456	0.199882	0.356734	0.182647	0.319309	0.203375	0.228497	0.327843	0.226664	0.164667	0.329145	0.192471	0.315447	0.199841	0.203054	0.198376	0.237478	0.184183	0.30575	0.322734	0.205283	0.168719	0.290487	0.175931	0.239822	0.28734	0.270561	0.172689	0.226565	0.190461	0.372984	0.232283	0.333576	0.180677	0.299205	0.224888	0.279561	0.289552	0.330017	0.320342	0.2544	0.30576	0.221604	0.268317	0.265196	0.302724	0.242854	0.206167	0.212488	0.171148
LC_17_S   	0.151258	0.293801	0.131253	0.213803	0.286055	0.216128	0.297285	0.205047	0.145234	0.174553	0.231206	0.293917	0.292922	0.185305	0.166767	0.148119	0.196593	0.16794	0.168547	0.204613	0.200601	0.194543	0.1956	0.168353	0.214702	0.301178	0.194375	0.286235	0.174402	0.175747	0.256908	0	0.202018	0.177347	0.213272	0.200834	0.161517	0.269208	0.211721	0.322581	0.18624	0.30803	0.169341	0.166932	0.296506	0.156132	0.190594	0.288335	0.162151	0.217212	0.17796	0.157566	0.165521	0.221893	0.211669	0.36448	0.259963	0.172313	0.182455	0.287522	0.193798	0.154964	0.325879	0.175507	0.194536	0.126535	0.178534	0.304066	0.152666	0.281368	0.250817	0.315914	0.203862	0.263895	0.235929	0.288731	0.297745	0.147211	0.304499	0.211232	0.302912	0.202892	0.282881	0.164834	0.218089	0.165793	0.192255
LC_17_W   	0.217958	0.264475	0.204492	0.140031	0.284047	0.194482	0.309399	0.126108	0.194877	0.171271	0.258519	0.286064	0.332412	0.112545	0.211292	0.164967	0.233082	0.217446	0.224911	0.21603	0.230266	0.131767	0.153969	0.226384	0.100136	0.317805	0.131481	0.28424	0.0930548	0.212466	0.183243	0.202018	0	0.219477	0.204109	0.240962	0.148348	0.263724	0.149374	0.323903	0.123987	0.323955	0.152041	0.198431	0.278766	0.187808	0.135514	0.303403	0.166164	0.279514	0.160093	0.157639	0.164706	0.222065	0.152763	0.342957	0.292698	0.215588	0.147655	0.292885	0.15666	0.195835	0.276418	0.220453	0.145025	0.1947	0.180392	0.329286	0.206358	0.299721	0.186651	0.301408	0.168238	0.284201	0.271908	0.295647	0.326227	0.216146	0.295544	0.22156	0.266209	0.210308	0.289207	0.192413	0.18088	0.194116	0.151789
LC_18_S   	0.160743	0.295835	0.148214	0.242589	0.271009	0.289072	0.256881	0.257302	0.147775	0.247023	0.151876	0.298725	0.289383	0.22698	0.107642	0.195461	0.141455	0.220503	0.119279	0.27909	0.162574	0.207427	0.200553	0.163256	0.22742	0.297419	0.184113	0.236079	0.221139	0.165358	0.233858	0.177347	0.219477	0	0.285315	0.159247	0.198446	0.263514	0.222654	0.286207	0.175351	0.284788	0.175753	0.117898	0.323578	0.116054	0.231995	0.280892	0.229048	0.247398	0.184224	0.151422	0.215734	0.183894	0.221936	0.290382	0.306302	0.166865	0.179334	0.233107	0.210136	0.134708	0.277146	0.145858	0.212929	0.131283	0.24264	0.297704	0.205468	0.272831	0.255452	0.28441	0.232446	0.250449	0.2638	0.289525	0.364829	0.16907	0.277952	0.239307	0.272748	0.178263	0.245391	0.145421	0.210453	0.111234	0.194743
LC_18_W   	0.279764	0.32942	0.245548	0.22158	0.362085	0.170576	0.36926	0.185357	0.263242	0.141586	0.313327	0.301216	0.368358	0.1787	0.288687	0.160022	0.280795	0.19704	0.268715	0.101677	0.273853	0.197095	0.242618	0.29838	0.206361	0.351726	0.208249	0.361941	0.172078	0.269524	0.242387	0.213272	0.204109	0.285315	0	0.284995	0.227914	0.337456	0.224055	0.380923	0.221046	0.353121	0.22849	0.27807	0.334798	0.264702	0.19122	0.362279	0.158186	0.28206	0.228886	0.238698	0.184659	0.305829	0.213936	0.391614	0.291803	0.232249	0.215407	0.366939	0.21082	0.259673	0.353787	0.284965	0.207366	0.221966	0.16779	0.396472	0.212141	0.362026	0.229629	0.381005	0.210408	0.305081	0.272911	0.367325	0.177986	0.228774	0.349174	0.242202	0.325924	0.269133	0.338398	0.257649	0.226426	0.275604	0.208502
LC_19_S   	0.147856	0.300781	0.139913	0.247286	0.304468	0.293038	0.287256	0.280231	0.216364	0.26878	0.194967	0.312034	0.284297	0.234636	0.137627	0.199024	0.10452	0.243675	0.10789	0.275443	0.132642	0.205585	0.213714	0.206013	0.260288	0.264104	0.1973	0.270102	0.228613	0.162472	0.278678	0.200834	0.240962	0.159247	0.284995	0	0.208842	0.281795	0.235776	0.260914	0.20513	0.269756	0.180258	0.161457	0.321661	0.134038	0.239326	0.298346	0.231604	0.250543	0.196703	0.180336	0.214684	0.246669	0.219429	0.365725	0.326979	0.241822	0.203777	0.300088	0.224762	0.12858	0.324267	0.116741	0.22201	0.145568	0.24462	0.29533	0.221545	0.276191	0.257718	0.342789	0.214055	0.275959	0.291718	0.310482	0.364277	0.120339	0.296899	0.297099	0.310097	0.122261	0.261899	0.131844	0.202681	0.175788	0.212947
LC_19_W   	0.177306	0.260635	0.163642	0.183127	0.285629	0.223741	0.304862	0.184838	0.188836	0.184293	0.222539	0.275106	0.29234	0.145357	0.187746	0.15145	0.196808	0.165808	0.190724	0.209906	0.19335	0.149498	0.119449	0.202578	0.165828	0.289819	0.124284	0.291205	0.135778	0.177003	0.21465	0.161517	0.148348	0.198446	0.227914	0.208842	0	0.254209	0.153749	0.313702	0.136148	0.299338	0.0999868	0.180379	0.241025	0.166816	0.149623	0.299933	0.155716	0.248362	0.103622	0.146912	0.129911	0.229725	0.150503	0.350724	0.26261	0.207118	0.121976	0.291496	0.132297	0.158829	0.271905	0.177936	0.132539	0.158719	0.15725	0.314499	0.141238	0.283336	0.178969	0.295752	0.138226	0.244409	0.239015	0.27921	0.322223	0.175781	0.282137	0.224249	0.274026	0.17727	0.236432	0.155905	0.150591	0.183299	0.124554
LC_20_S   	0.258619	0.427133	0.257611	0.258662	0.435344	0.310922	0.45337	0.284712	0.248607	0.296704	0.379295	0.434916	0.443862	0.262784	0.238314	0.275802	0.270842	0.293955	0.254104	0.332253	0.293562	0.274769	0.24658	0.251508	0.272151	0.45564	0.26759	0.407887	0.271867	0.242603	0.29456	0.269208	0.263724	0.263514	0.337456	0.281795	0.254209	0	0.260415	0.401313	0.263504	0.460445	0.262011	0.236008	0.438994	0.240498	0.269128	0.408886	0.297269	0.453032	0.262085	0.252053	0.286588	0.243211	0.288621	0.492342	0.444262	0.284363	0.262004	0.377708	0.285654	0.251232	0.316605	0.26779	0.283701	0.270248	0.302899	0.441192	0.287492	0.424651	0.301613	0.427359	0.292853	0.411542	0.395853	0.390807	0.403718	0.280618	0.433312	0.312104	0.426265	0.272651	0.335974	0.267368	0.265606	0.231515	0.271615
LC_20_W   	0.202916	0.279636	0.208228	0.154736	0.308183	0.187449	0.318968	0.165099	0.216018	0.190058	0.258161	0.270243	0.308813	0.12608	0.216733	0.163825	0.221005	0.220527	0.222111	0.226206	0.212187	0.118675	0.152594	0.229547	0.159212	0.3207	0.14447	0.302299	0.130732	0.202823	0.199882	0.211721	0.149374	0.222654	0.224055	0.235776	0.153749	0.260415	0	0.325999	0.161494	0.324717	0.154795	0.19381	0.291384	0.193991	0.14095	0.324389	0.172762	0.295033	0.155563	0.180351	0.164822	0.229138	0.153354	0.358063	0.30779	0.240285	0.139338	0.312435	0.163014	0.196067	0.284611	0.212786	0.148873	0.205542	0.17611	0.328072	0.211942	0.289081	0.18801	0.305084	0.17469	0.288108	0.278886	0.295992	0.343278	0.225933	0.311555	0.255281	0.292378	0.206797	0.279424	0.187255	0.167641	0.20107	0.156035
LC_21_S   	0.261547	0.44179	0.266831	0.314906	0.474431	0.362292	0.423112	0.34131	0.308824	0.34961	0.385608	0.507424	0.464117	0.322604	0.257632	0.325316	0.266069	0.356378	0.26796	0.381344	0.282246	0.31911	0.311106	0.301035	0.333562	0.442426	0.3232	0.375704	0.332686	0.258859	0.356734	0.322581	0.323903	0.286207	0.380923	0.260914	0.313702	0.401313	0.325999	0	0.318767	0.446893	0.310138	0.271798	0.497595	0.262989	0.329997	0.428459	0.351978	0.446991	0.315526	0.305273	0.339508	0.304597	0.337433	0.56408	0.513062	0.343994	0.323731	0.445217	0.341836	0.263274	0.357993	0.259416	0.343023	0.292746	0.361744	0.401116	0.339261	0.456078	0.354063	0.519576	0.3371	0.451653	0.486378	0.451523	0.445259	0.281529	0.452725	0.371594	0.467129	0.27077	0.363251	0.283281	0.318938	0.277935	0.334094
LC_21_W   	0.191818	0.282605	0.179813	0.192977	0.288931	0.22584	0.300415	0.174903	0.182861	0.183529	0.222961	0.279126	0.311547	0.14508	0.175427	0.149397	0.18008	0.177057	0.176443	0.201764	0.193122	0.150193	0.131065	0.206442	0.120516	0.309752	0.0928723	0.278935	0.128391	0.191043	0.182647	0.18624	0.123987	0.175351	0.221046	0.20513	0.136148	0.263504	0.161494	0.318767	0	0.311554	0.113769	0.162996	0.285806	0.153351	0.151577	0.301577	0.14724	0.268785	0.119373	0.134769	0.142019	0.204228	0.136952	0.32721	0.285484	0.165793	0.116001	0.277106	0.139474	0.153577	0.246954	0.182202	0.127711	0.154047	0.158724	0.323364	0.162908	0.29588	0.179137	0.280366	0.158211	0.261462	0.263237	0.291087	0.320226	0.176251	0.288632	0.186088	0.252	0.175581	0.241169	0.146576	0.146175	0.15235	0.123546
LC_22_S   	0.290339	0.457649	0.278928	0.309652	0.453781	0.330338	0.499868	0.332624	0.289888	0.321759	0.364902	0.426013	0.374286	0.311515	0.262458	0.296564	0.266816	0.329547	0.257853	0.347284	0.294383	0.315049	0.307464	0.294069	0.327783	0.412759	0.310061	0.420103	0.321074	0.27289	0.319309	0.30803	0.323955	0.284788	0.353121	0.269756	0.299338	0.460445	0.324717	0.446893	0.311554	0	0.298167	0.277942	0.485323	0.265408	0.302299	0.444309	0.317316	0.425308	0.304442	0.28403	0.316649	0.313998	0.320309	0.494607	0.528244	0.316684	0.30302	0.394263	0.321297	0.26733	0.369814	0.263689	0.323138	0.276003	0.332892	0.461715	0.318909	0.457985	0.332731	0.525197	0.313721	0.378913	0.447476	0.457707	0.405224	0.274765	0.491535	0.356408	0.457868	0.267532	0.358608	0.290472	0.295934	0.275833	0.307763
LC_22_W   	0.161785	0.27093	0.153467	0.200979	0.284168	0.234982	0.292293	0.194158	0.197835	0.200119	0.209438	0.282905	0.299735	0.150809	0.17126	0.144463	0.159637	0.146304	0.164403	0.204511	0.165366	0.129732	0.107242	0.205026	0.170616	0.271788	0.0876495	0.281852	0.137276	0.161353	0.203375	0.169341	0.152041	0.175753	0.22849	0.180258	0.0999868	0.262011	0.154795	0.310138	0.113769	0.298167	0	0.169116	0.244758	0.143654	0.157225	0.304207	0.15009	0.246261	0.0861825	0.137948	0.119529	0.231388	0.138354	0.338535	0.255837	0.203851	0.110058	0.292137	0.125141	0.135176	0.256562	0.161033	0.123432	0.141381	0.152014	0.306916	0.115775	0.275116	0.178578	0.297677	0.130747	0.244642	0.238511	0.273721	0.324958	0.154412	0.258019	0.226922	0.265456	0.145721	0.190856	0.120307	0.128342	0.17432	0.113406
W1_01_S   	0.137365	0.276372	0.139201	0.192046	0.258529	0.264093	0.275202	0.221477	0.124846	0.21732	0.185061	0.295578	0.272735	0.197795	0.0856572	0.195691	0.142125	0.230711	0.124492	0.265308	0.177824	0.198656	0.187032	0.139402	0.199792	0.306615	0.178775	0.233474	0.204898	0.141867	0.228497	0.166932	0.198431	0.117898	0.27807	0.161457	0.180379	0.236008	0.19381	0.271798	0.162996	0.277942	0.169116	0	0.314502	0.0857829	0.19565	0.263977	0.220561	0.262556	0.175398	0.133564	0.207001	0.133733	0.207547	0.307256	0.31334	0.178222	0.173095	0.229237	0.208541	0.114365	0.273418	0.12698	0.207603	0.129635	0.237636	0.274107	0.211981	0.257595	0.243896	0.267923	0.218931	0.266916	0.28368	0.257856	0.360989	0.166124	0.300384	0.239764	0.27326	0.167099	0.263367	0.143389	0.188937	0.067096	0.188419
W1_01_W   	0.299642	0.43022	0.286932	0.300755	0.487278	0.334008	0.515598	0.307444	0.319468	0.320933	0.433022	0.462636	0.4818	0.279996	0.314713	0.281174	0.313509	0.269341	0.311082	0.316716	0.324096	0.279993	0.240548	0.326254	0.299366	0.448849	0.269472	0.508521	0.272263	0.303233	0.327843	0.296506	0.278766	0.323578	0.334798	0.321661	0.241025	0.438994	0.291384	0.497595	0.285806	0.485323	0.244758	0.314502	0	0.30387	0.269866	0.480799	0.284185	0.430698	0.237971	0.289203	0.251152	0.347546	0.267922	0.573544	0.394945	0.324382	0.268652	0.497443	0.259927	0.293751	0.315025	0.305019	0.264624	0.287455	0.275552	0.47701	0.251857	0.451718	0.270757	0.452255	0.236789	0.417327	0.398039	0.437596	0.385841	0.289204	0.424973	0.331009	0.429875	0.287747	0.29592	0.294723	0.257203	0.310385	0.258602
W1_02_S   	0.112217	0.269565	0.101768	0.204603	0.263687	0.255076	0.254971	0.219421	0.14659	0.21093	0.160928	0.290756	0.279704	0.191929	0.0809522	0.175687	0.113555	0.211589	0.109832	0.256921	0.13646	0.179546	0.171824	0.151599	0.199429	0.278876	0.161056	0.224193	0.187589	0.115851	0.226664	0.156132	0.187808	0.116054	0.264702	0.134038	0.166816	0.240498	0.193991	0.262989	0.153351	0.265408	0.143654	0.0857829	0.30387	0	0.191444	0.26797	0.202263	0.239104	0.150823	0.122566	0.184202	0.165522	0.186758	0.320198	0.295057	0.178963	0.154385	0.240515	0.185354	0.0737351	0.27788	0.102868	0.188587	0.0949211	0.220268	0.28011	0.186392	0.262998	0.231832	0.296426	0.197694	0.251272	0.262307	0.271759	0.353192	0.124459	0.270182	0.241061	0.270294	0.139556	0.244169	0.0986489	0.176259	0.0950738	0.170609
W1_02_W   	0.224092	0.259145	0.192895	0.134955	0.309087	0.165982	0.340517	0.114686	0.186903	0.145149	0.26121	0.250762	0.319363	0.0968268	0.217667	0.133746	0.227511	0.197471	0.217194	0.17645	0.231319	0.132174	0.160147	0.225172	0.122608	0.329648	0.137105	0.31515	0.104081	0.199779	0.164667	0.190594	0.135514	0.231995	0.19122	0.239326	0.149623	0.269128	0.14095	0.329997	0.151577	0.302299	0.157225	0.19565	0.269866	0.191444	0	0.307081	0.110648	0.271942	0.150978	0.165292	0.115384	0.226041	0.110129	0.346726	0.290735	0.197798	0.120339	0.297663	0.130243	0.195811	0.296172	0.221212	0.101612	0.179326	0.121928	0.350743	0.188601	0.313806	0.150382	0.310712	0.142717	0.262148	0.256635	0.308354	0.297094	0.196771	0.319156	0.214232	0.272836	0.208462	0.295755	0.198322	0.146681	0.19167	0.115575
W1_03_S   	0.276667	0.466825	0.264172	0.304864	0.421142	0.339223	0.410567	0.321495	0.25691	0.320169	0.371654	0.470743	0.467036	0.31102	0.262421	0.308269	0.291336	0.321075	0.265019	0.358718	0.320548	0.31902	0.301144	0.274224	0.314122	0.462627	0.311841	0.420687	0.306697	0.282475	0.329145	0.288335	0.303403	0.280892	0.362279	0.298346	0.299933	0.408886	0.324389	0.428459	0.301577	0.444309	0.304207	0.263977	0.480799	0.26797	0.307081	0	0.316801	0.414446	0.301348	0.272098	0.309913	0.256313	0.323803	0.482513	0.457816	0.289573	0.303774	0.402012	0.313721	0.26756	0.34209	0.270243	0.319418	0.26535	0.328247	0.43979	0.306948	0.4111	0.336774	0.474893	0.321381	0.430785	0.453331	0.431981	0.418449	0.280396	0.448916	0.322967	0.45213	0.28921	0.351146	0.301022	0.307882	0.265603	0.302574
W1_03_W   	0.226911	0.287836	0.188882	0.190457	0.327756	0.164687	0.340339	0.154608	0.211125	0.142086	0.253146	0.259105	0.326849	0.137011	0.22999	0.109392	0.212288	0.13416	0.203815	0.139685	0.217852	0.149045	0.162169	0.243069	0.171145	0.319431	0.124397	0.332909	0.123708	0.214659	0.192471	0.162151	0.166164	0.229048	0.158186	0.231604	0.155716	0.297269	0.172762	0.351978	0.14724	0.317316	0.15009	0.220561	0.284185	0.202263	0.110648	0.316801	0	0.242504	0.141827	0.169255	0.0898577	0.265289	0.118338	0.359069	0.246677	0.169771	0.125956	0.322713	0.12501	0.190405	0.292066	0.219294	0.104371	0.153726	0.083438	0.362323	0.133814	0.32695	0.166765	0.335331	0.140429	0.24347	0.22239	0.323791	0.254766	0.165977	0.308808	0.185192	0.275835	0.203439	0.269194	0.184469	0.14845	0.215792	0.106208
W1_04_S   	0.237438	0.424177	0.210052	0.293703	0.435682	0.283648	0.439324	0.284847	0.262905	0.26305	0.342218	0.409751	0.415963	0.264981	0.243271	0.221523	0.245892	0.235765	0.224737	0.276484	0.263255	0.271006	0.269976	0.276715	0.286931	0.387257	0.268961	0.410901	0.258324	0.253904	0.315447	0.217212	0.279514	0.247398	0.28206	0.250543	0.248362	0.453032	0.295033	0.446991	0.268785	0.425308	0.246261	0.262556	0.430698	0.239104	0.271942	0.414446	0.242504	0	0.250256	0.243502	0.238588	0.308406	0.282079	0.553989	0.39088	0.247499	0.260233	0.426532	0.263329	0.229029	0.343384	0.234641	0.268366	0.202518	0.252193	0.435348	0.223172	0.41819	0.303603	0.482577	0.269674	0.357283	0.353742	0.43598	0.351444	0.210862	0.399108	0.276833	0.416673	0.254237	0.318694	0.243288	0.278375	0.261522	0.265079
W1_04_W   	0.182535	0.273902	0.166755	0.199899	0.297575	0.235941	0.30149	0.196228	0.197721	0.196352	0.215651	0.278123	0.299938	0.155787	0.182057	0.144321	0.172162	0.13244	0.178088	0.201929	0.181527	0.144664	0.0943376	0.209019	0.175639	0.296015	0.101905	0.287974	0.144684	0.171579	0.199841	0.17796	0.160093	0.184224	0.228886	0.196703	0.103622	0.262085	0.155563	0.315526	0.119373	0.304442	0.0861825	0.175398	0.237971	0.150823	0.150978	0.301348	0.141827	0.250256	0	0.134669	0.103558	0.22915	0.128392	0.341098	0.258498	0.194839	0.0943088	0.287222	0.112469	0.142013	0.247824	0.174194	0.11157	0.143783	0.125463	0.318464	0.11189	0.284678	0.142674	0.291815	0.104618	0.239165	0.245006	0.292238	0.314486	0.16307	0.274749	0.216209	0.262463	0.161734	0.20887	0.131376	0.102378	0.175472	0.0978535
